image: slam_test_map.pgm
resolution: 0.050000
origin: [-7.424623, -8.499622, 0.000000]
negate: 0
occupied_thresh: 0.65
free_thresh: 0.196

